0;0;0;0|23;50;330;330?
0;0;10;0|22;49;329;329?
0;0;20;0|21;49;330;330?
0;0;30;0|20;48;330;331?
0;0;40;0|21;47;329;331?
0;0;50;0|22;46;330;332?
0;1;0;0|23;47;330;333?
0;1;10;0|24;47;329;333?
0;1;20;0|25;47;328;334?
0;1;30;0|26;47;327;333?
0;1;40;0|27;48;326;334?
0;1;50;0|28;48;327;333?
0;2;0;0|28;49;326;333?
0;2;10;0|29;50;326;332?
0;2;20;0|30;49;327;332?
0;2;30;0|31;50;328;332?
0;2;40;0|30;51;328;332?
0;2;50;0|30;50;328;332?
0;3;0;0|31;51;327;331?
0;3;10;0|30;52;327;332?
0;3;20;0|30;53;326;332?
0;3;30;0|31;52;325;332?
0;3;40;0|30;52;326;331?
0;3;50;0|30;53;325;331?
0;4;0;0|29;52;326;330?
0;4;10;0|29;53;327;331?
0;4;20;0|29;53;328;332?
0;4;30;0|28;52;327;333?
0;4;40;0|28;52;326;334?
0;4;50;0|29;53;325;334?
0;5;0;0|29;53;325;334?
0;5;10;0|28;54;326;333?
0;5;20;0|28;53;327;334?
0;5;30;0|27;54;326;335?
0;5;40;0|27;53;326;335?
0;5;50;0|26;52;326;336?
0;6;0;0|27;53;327;336?
0;6;10;0|27;53;327;336?
0;6;20;0|27;54;328;335?
0;6;30;0|28;53;329;334?
0;6;40;0|28;54;330;333?
0;6;50;0|29;55;330;333?
0;7;0;0|28;55;331;333?
0;7;10;0|28;56;331;333?
0;7;20;0|29;55;330;333?
0;7;30;0|29;54;329;333?
0;7;40;0|30;53;328;332?
0;7;50;0|30;52;329;333?
0;8;0;0|30;51;328;332?
0;8;10;0|31;50;329;333?
0;8;20;0|31;50;328;334?
0;8;30;0|30;51;327;334?
0;8;40;0|29;52;328;333?
0;8;50;0|29;53;328;334?
0;9;0;0|29;53;328;334?
0;9;10;0|29;54;329;335?
0;9;20;0|30;55;330;335?
0;9;30;0|31;54;329;335?
0;9;40;0|31;53;329;334?
0;9;50;0|30;54;330;333?
0;10;0;0|29;53;329;333?
0;10;10;0|28;53;329;333?
0;10;20;0|28;53;328;333?
0;10;30;0|28;52;328;332?
0;10;40;0|28;52;327;332?
0;10;50;0|28;52;326;331?
0;11;0;0|28;52;327;331?
0;11;10;0|28;53;326;331?
0;11;20;0|29;53;327;330?
0;11;30;0|30;54;326;329?
0;11;40;0|29;55;326;330?
0;11;50;0|29;55;325;329?
0;12;0;0|30;56;326;330?
0;12;10;0|29;57;327;330?
0;12;20;0|29;56;328;330?
0;12;30;0|28;56;327;329?
0;12;40;0|29;55;327;328?
0;12;50;0|30;55;326;328?
0;13;0;0|29;54;327;327?
0;13;10;0|30;55;327;326?
0;13;20;0|29;55;328;327?
0;13;30;0|29;55;327;327?
0;13;40;0|28;54;328;327?
0;13;50;0|29;53;329;328?
0;14;0;0|30;53;328;328?
0;14;10;0|30;53;329;327?
0;14;20;0|29;52;330;328?
0;14;30;0|30;52;330;328?
0;14;40;0|31;53;329;329?
0;14;50;0|32;52;328;330?
0;15;0;0|33;53;328;329?
0;15;10;0|33;54;329;329?
0;15;20;0|34;54;330;330?
0;15;30;0|33;54;329;331?
0;15;40;0|34;53;329;330?
0;15;50;0|34;52;329;330?
0;16;0;0|33;52;330;331?
0;16;10;0|32;52;330;330?
0;16;20;0|32;52;330;329?
0;16;30;0|33;52;330;328?
0;16;40;0|34;53;331;327?
0;16;50;0|35;54;331;326?
0;17;0;0|36;55;331;326?
0;17;10;0|36;55;331;325?
0;17;20;0|36;55;331;325?
0;17;30;0|35;56;330;326?
0;17;40;0|34;57;329;326?
0;17;50;0|35;56;330;325?
0;18;0;0|34;57;329;326?
0;18;10;0|35;57;329;325?
0;18;20;0|34;57;329;324?
0;18;30;0|35;57;329;325?
0;18;40;0|34;56;330;325?
0;18;50;0|34;57;329;325?
0;19;0;0|34;57;330;325?
0;19;10;0|35;58;330;324?
0;19;20;0|34;58;331;323?
0;19;30;0|33;59;332;324?
0;19;40;0|34;58;332;324?
0;19;50;0|35;57;332;324?
0;20;0;0|35;57;331;323?
0;20;10;0|35;56;332;322?
0;20;20;0|35;57;332;322?
0;20;30;0|36;56;333;321?
0;20;40;0|36;56;333;320?
0;20;50;0|37;57;333;320?
0;21;0;0|38;57;332;319?
0;21;10;0|38;58;332;319?
0;21;20;0|39;57;331;320?
0;21;30;0|38;58;332;319?
0;21;40;0|38;58;332;320?
0;21;50;0|37;58;332;321?
0;22;0;0|36;58;333;322?
0;22;10;0|36;57;332;321?
0;22;20;0|36;58;333;321?
0;22;30;0|37;59;334;320?
0;22;40;0|37;59;334;320?
0;22;50;0|37;60;334;319?
0;23;0;0|36;60;333;320?
0;23;10;0|37;59;332;319?
0;23;20;0|36;58;333;318?
0;23;30;0|35;59;333;318?
0;23;40;0|35;58;333;318?
0;23;50;0|36;58;333;318?
1;0;0;0|35;59;333;318?
1;0;10;0|34;59;333;317?
1;0;20;0|35;58;334;316?
1;0;30;0|34;57;335;316?
1;0;40;0|33;56;334;315?
1;0;50;0|34;56;333;314?
1;1;0;0|34;55;333;313?
1;1;10;0|35;55;333;313?
1;1;20;0|36;54;332;312?
1;1;30;0|36;53;331;313?
1;1;40;0|36;53;331;313?
1;1;50;0|37;53;331;313?
1;2;0;0|37;52;332;314?
1;2;10;0|36;51;333;315?
1;2;20;0|35;50;334;316?
1;2;30;0|35;51;333;315?
1;2;40;0|36;52;333;316?
1;2;50;0|35;51;334;317?
1;3;0;0|35;52;334;318?
1;3;10;0|35;51;333;319?
1;3;20;0|35;51;333;319?
1;3;30;0|34;51;334;319?
1;3;40;0|34;50;333;320?
1;3;50;0|35;51;334;320?
1;4;0;0|36;50;334;320?
1;4;10;0|35;49;334;319?
1;4;20;0|34;49;333;320?
1;4;30;0|33;48;334;320?
1;4;40;0|33;48;335;320?
1;4;50;0|34;49;336;319?
1;5;0;0|33;49;336;318?
1;5;10;0|34;50;336;319?
1;5;20;0|34;51;336;318?
1;5;30;0|34;51;337;318?
1;5;40;0|33;52;338;318?
1;5;50;0|34;52;337;317?
1;6;0;0|35;51;336;318?
1;6;10;0|34;50;337;318?
1;6;20;0|34;50;337;317?
1;6;30;0|33;49;336;316?
1;6;40;0|32;49;337;315?
1;6;50;0|33;50;336;315?
1;7;0;0|33;51;337;316?
1;7;10;0|34;51;336;317?
1;7;20;0|35;52;337;316?
1;7;30;0|34;51;336;316?
1;7;40;0|35;50;335;317?
1;7;50;0|35;49;334;318?
1;8;0;0|35;49;334;318?
1;8;10;0|34;50;333;318?
1;8;20;0|35;51;333;317?
1;8;30;0|36;51;332;318?
1;8;40;0|36;51;331;318?
1;8;50;0|37;50;330;317?
1;9;0;0|37;50;329;318?
1;9;10;0|37;50;328;319?
1;9;20;0|36;49;327;319?
1;9;30;0|36;49;326;320?
1;9;40;0|35;50;325;320?
1;9;50;0|34;50;325;321?
1;10;0;0|35;50;326;321?
1;10;10;0|35;51;326;320?
1;10;20;0|36;51;325;319?
1;10;30;0|36;52;324;320?
1;10;40;0|36;53;325;321?
1;10;50;0|37;54;325;321?
1;11;0;0|37;53;325;321?
1;11;10;0|36;52;324;321?
1;11;20;0|35;51;325;322?
1;11;30;0|36;50;324;321?
1;11;40;0|35;50;324;322?
1;11;50;0|35;50;324;322?
1;12;0;0|35;51;325;323?
1;12;10;0|36;50;326;324?
1;12;20;0|37;50;325;323?
1;12;30;0|36;51;325;324?
1;12;40;0|37;51;324;324?
1;12;50;0|38;52;324;323?
1;13;0;0|39;53;323;322?
1;13;10;0|38;54;324;323?
1;13;20;0|37;53;324;323?
1;13;30;0|38;53;323;324?
1;13;40;0|38;52;322;323?
1;13;50;0|38;51;321;323?
1;14;0;0|37;52;322;323?
1;14;10;0|38;52;322;322?
1;14;20;0|37;51;322;321?
1;14;30;0|36;52;322;322?
1;14;40;0|35;53;323;321?
1;14;50;0|34;53;322;322?
1;15;0;0|33;53;323;321?
1;15;10;0|34;53;322;320?
1;15;20;0|33;52;321;320?
1;15;30;0|33;53;320;321?
1;15;40;0|32;53;320;320?
1;15;50;0|31;53;319;319?
1;16;0;0|32;54;318;320?
1;16;10;0|32;53;317;321?
1;16;20;0|33;53;318;320?
1;16;30;0|33;53;319;319?
1;16;40;0|34;53;319;320?
1;16;50;0|33;54;319;320?
1;17;0;0|32;53;318;320?
1;17;10;0|31;53;317;321?
1;17;20;0|30;54;318;321?
1;17;30;0|29;53;319;321?
1;17;40;0|29;52;318;322?
1;17;50;0|29;53;319;322?
1;18;0;0|28;53;319;322?
1;18;10;0|27;52;320;323?
1;18;20;0|26;51;319;323?
1;18;30;0|25;52;318;323?
1;18;40;0|26;53;317;322?
1;18;50;0|26;54;316;321?
1;19;0;0|26;54;317;320?
1;19;10;0|26;55;317;321?
1;19;20;0|25;55;318;320?
1;19;30;0|24;55;318;321?
1;19;40;0|25;56;317;322?
1;19;50;0|26;56;317;321?
1;20;0;0|26;55;317;320?
1;20;10;0|26;55;318;319?
1;20;20;0|25;56;317;320?
1;20;30;0|25;55;316;319?
1;20;40;0|26;54;315;319?
1;20;50;0|25;54;314;319?
1;21;0;0|24;54;313;320?
1;21;10;0|25;53;313;319?
1;21;20;0|26;52;312;318?
1;21;30;0|25;51;313;319?
1;21;40;0|25;52;313;319?
1;21;50;0|26;51;314;319?
1;22;0;0|27;52;314;320?
1;22;10;0|27;52;315;319?
1;22;20;0|27;53;316;319?
1;22;30;0|28;54;317;318?
1;22;40;0|29;55;316;319?
1;22;50;0|29;56;315;318?
1;23;0;0|29;57;315;319?
1;23;10;0|28;56;316;320?
1;23;20;0|29;56;317;321?
1;23;30;0|30;57;318;321?
1;23;40;0|30;57;318;320?
1;23;50;0|30;57;318;320?
2;0;0;0|31;57;318;321?
2;0;10;0|32;56;319;322?
2;0;20;0|31;55;318;322?
2;0;30;0|30;56;317;323?
2;0;40;0|31;55;316;324?
2;0;50;0|32;56;315;324?
2;1;0;0|32;57;315;323?
2;1;10;0|31;56;316;322?
2;1;20;0|31;57;315;321?
2;1;30;0|31;56;315;320?
2;1;40;0|31;57;314;320?
2;1;50;0|30;58;315;321?
2;2;0;0|31;58;314;321?
2;2;10;0|30;57;315;321?
2;2;20;0|31;58;314;320?
2;2;30;0|30;58;314;321?
2;2;40;0|31;57;314;322?
2;2;50;0|32;57;314;322?
2;3;0;0|31;57;315;323?
2;3;10;0|31;58;314;324?
2;3;20;0|30;58;315;323?
2;3;30;0|29;58;314;324?
2;3;40;0|28;59;314;325?
2;3;50;0|27;58;314;324?
2;4;0;0|28;57;314;323?
2;4;10;0|28;57;314;324?
2;4;20;0|27;57;313;325?
2;4;30;0|28;57;314;325?
2;4;40;0|27;58;314;324?
2;4;50;0|26;59;313;323?
2;5;0;0|25;60;314;324?
2;5;10;0|25;61;314;325?
2;5;20;0|24;60;314;326?
2;5;30;0|25;60;313;326?
2;5;40;0|24;61;312;325?
2;5;50;0|25;61;313;326?
2;6;0;0|26;60;313;326?
2;6;10;0|25;60;314;327?
2;6;20;0|26;61;315;326?
2;6;30;0|25;60;314;327?
2;6;40;0|24;61;313;326?
2;6;50;0|25;61;312;327?
2;7;0;0|26;61;311;326?
2;7;10;0|27;62;312;325?
2;7;20;0|27;61;311;326?
2;7;30;0|27;62;310;326?
2;7;40;0|27;63;310;326?
2;7;50;0|28;64;311;325?
2;8;0;0|28;64;312;326?
2;8;10;0|29;65;312;326?
2;8;20;0|29;64;311;327?
2;8;30;0|30;64;311;326?
2;8;40;0|31;63;312;327?
2;8;50;0|32;63;312;326?
2;9;0;0|33;63;313;326?
2;9;10;0|32;63;314;327?
2;9;20;0|32;63;313;328?
2;9;30;0|32;63;312;329?
2;9;40;0|32;64;312;328?
2;9;50;0|31;64;312;327?
2;10;0;0|32;65;313;326?
2;10;10;0|33;65;312;327?
2;10;20;0|34;65;311;328?
2;10;30;0|35;66;311;328?
2;10;40;0|34;66;311;327?
2;10;50;0|34;65;310;327?
2;11;0;0|35;66;311;328?
2;11;10;0|34;67;311;329?
2;11;20;0|34;66;310;329?
2;11;30;0|33;65;309;329?
2;11;40;0|32;66;309;328?
2;11;50;0|33;65;310;327?
2;12;0;0|33;64;311;328?
2;12;10;0|34;65;310;328?
2;12;20;0|35;66;309;328?
2;12;30;0|34;67;310;328?
2;12;40;0|35;67;309;328?
2;12;50;0|34;68;310;329?
2;13;0;0|34;69;309;330?
2;13;10;0|33;69;309;329?
2;13;20;0|34;69;309;328?
2;13;30;0|34;69;310;329?
2;13;40;0|33;69;309;330?
2;13;50;0|33;70;308;330?
2;14;0;0|32;71;308;331?
2;14;10;0|32;72;309;330?
2;14;20;0|31;73;308;330?
2;14;30;0|30;73;308;330?
2;14;40;0|29;74;307;330?
2;14;50;0|30;75;308;329?
2;15;0;0|30;76;309;330?
2;15;10;0|31;77;309;329?
2;15;20;0|32;77;309;330?
2;15;30;0|31;77;310;330?
2;15;40;0|32;76;310;331?
2;15;50;0|31;75;310;331?
2;16;0;0|31;75;310;332?
2;16;10;0|30;75;311;333?
2;16;20;0|30;76;311;333?
2;16;30;0|31;75;312;333?
2;16;40;0|31;75;313;334?
2;16;50;0|32;76;312;334?
2;17;0;0|33;75;312;333?
2;17;10;0|33;76;312;334?
2;17;20;0|34;75;312;334?
2;17;30;0|35;75;312;334?
2;17;40;0|36;74;311;335?
2;17;50;0|35;73;310;335?
2;18;0;0|36;73;310;335?
2;18;10;0|35;74;311;335?
2;18;20;0|36;75;310;334?
2;18;30;0|35;74;310;333?
2;18;40;0|34;74;311;334?
2;18;50;0|33;74;310;335?
2;19;0;0|32;75;311;335?
2;19;10;0|32;74;311;336?
2;19;20;0|32;73;312;336?
2;19;30;0|32;72;311;336?
2;19;40;0|33;72;312;335?
2;19;50;0|32;73;312;334?
2;20;0;0|31;74;313;333?
2;20;10;0|32;75;312;334?
2;20;20;0|33;75;313;333?
2;20;30;0|32;76;312;334?
2;20;40;0|33;76;311;333?
2;20;50;0|33;76;312;333?
2;21;0;0|34;76;313;332?
2;21;10;0|33;75;313;332?
2;21;20;0|34;74;314;331?
2;21;30;0|35;73;315;331?
2;21;40;0|35;72;315;331?
2;21;50;0|34;72;316;331?
2;22;0;0|33;71;316;331?
2;22;10;0|34;72;316;330?
2;22;20;0|34;71;317;331?
2;22;30;0|35;72;318;330?
2;22;40;0|34;73;319;331?
2;22;50;0|34;73;318;331?
2;23;0;0|33;72;317;332?
2;23;10;0|34;71;318;332?
2;23;20;0|34;71;317;333?
2;23;30;0|33;71;316;334?
2;23;40;0|34;72;316;334?
2;23;50;0|33;71;315;334?
3;0;0;0|33;71;316;335?
3;0;10;0|32;71;317;334?
3;0;20;0|32;72;318;335?
3;0;30;0|32;71;319;336?
3;0;40;0|33;71;319;336?
3;0;50;0|34;72;319;336?
3;1;0;0|35;72;320;337?
3;1;10;0|35;73;319;336?
3;1;20;0|34;73;320;335?
3;1;30;0|34;73;320;335?
3;1;40;0|34;74;320;334?
3;1;50;0|34;75;320;334?
3;2;0;0|34;76;321;333?
3;2;10;0|35;77;321;333?
3;2;20;0|36;78;321;332?
3;2;30;0|35;79;322;331?
3;2;40;0|34;79;321;331?
3;2;50;0|35;78;322;331?
3;3;0;0|35;77;322;331?
3;3;10;0|34;77;321;332?
3;3;20;0|33;76;320;332?
3;3;30;0|33;77;320;333?
3;3;40;0|32;78;319;334?
3;3;50;0|32;77;320;334?
3;4;0;0|31;78;320;335?
3;4;10;0|30;79;321;336?
3;4;20;0|31;78;321;335?
3;4;30;0|30;78;322;335?
3;4;40;0|29;79;321;335?
3;4;50;0|28;78;322;335?
3;5;0;0|28;77;321;335?
3;5;10;0|29;77;321;335?
3;5;20;0|29;76;322;334?
3;5;30;0|28;75;322;335?
3;5;40;0|28;75;321;336?
3;5;50;0|28;75;320;335?
3;6;0;0|29;74;319;335?
3;6;10;0|30;73;320;336?
3;6;20;0|30;74;320;335?
3;6;30;0|29;75;319;335?
3;6;40;0|29;74;319;334?
3;6;50;0|29;74;318;334?
3;7;0;0|30;74;318;335?
3;7;10;0|30;74;319;334?
3;7;20;0|31;75;319;334?
3;7;30;0|31;74;319;335?
3;7;40;0|30;75;319;335?
3;7;50;0|31;75;318;335?
3;8;0;0|30;75;318;335?
3;8;10;0|29;75;319;335?
3;8;20;0|28;76;320;336?
3;8;30;0|28;76;319;336?
3;8;40;0|27;76;318;336?
3;8;50;0|28;77;317;337?
3;9;0;0|29;78;318;338?
3;9;10;0|28;78;318;338?
3;9;20;0|28;77;317;337?
3;9;30;0|28;78;316;337?
3;9;40;0|27;79;317;336?
3;9;50;0|28;80;316;336?
3;10;0;0|29;80;316;336?
3;10;10;0|28;79;316;336?
3;10;20;0|27;79;316;337?
3;10;30;0|27;80;316;336?
3;10;40;0|28;81;317;337?
3;10;50;0|27;80;317;337?
3;11;0;0|28;79;318;336?
3;11;10;0|28;80;318;336?
3;11;20;0|29;79;317;336?
3;11;30;0|30;79;316;336?
3;11;40;0|30;78;316;336?
3;11;50;0|31;79;316;336?
3;12;0;0|30;78;316;337?
3;12;10;0|30;78;315;336?
3;12;20;0|31;78;316;337?
3;12;30;0|30;77;316;338?
3;12;40;0|30;78;316;339?
3;12;50;0|29;78;315;340?
3;13;0;0|29;79;314;341?
3;13;10;0|28;80;315;341?
3;13;20;0|29;80;315;341?
3;13;30;0|29;80;316;342?
3;13;40;0|30;80;317;342?
3;13;50;0|30;81;316;343?
3;14;0;0|30;81;316;342?
3;14;10;0|30;81;315;343?
3;14;20;0|30;82;314;344?
3;14;30;0|29;82;313;344?
3;14;40;0|28;81;314;345?
3;14;50;0|28;81;315;344?
3;15;0;0|29;80;314;343?
3;15;10;0|30;79;315;342?
3;15;20;0|31;79;314;341?
3;15;30;0|30;78;314;340?
3;15;40;0|29;79;313;341?
3;15;50;0|30;78;312;342?
3;16;0;0|29;77;311;343?
3;16;10;0|28;78;311;343?
3;16;20;0|29;79;310;342?
3;16;30;0|29;78;309;343?
3;16;40;0|28;77;310;342?
3;16;50;0|27;77;310;343?
3;17;0;0|28;78;309;343?
3;17;10;0|28;77;308;344?
3;17;20;0|28;78;308;345?
3;17;30;0|29;78;307;344?
3;17;40;0|29;79;307;343?
3;17;50;0|28;78;308;342?
3;18;0;0|27;78;309;341?
3;18;10;0|27;78;309;342?
3;18;20;0|28;77;310;343?
3;18;30;0|28;78;309;342?
3;18;40;0|28;78;310;341?
3;18;50;0|27;78;311;341?
3;19;0;0|27;79;311;341?
3;19;10;0|28;79;311;340?
3;19;20;0|29;80;312;339?
3;19;30;0|28;79;313;340?
3;19;40;0|28;79;314;339?
3;19;50;0|28;80;313;339?
3;20;0;0|28;81;313;339?
3;20;10;0|29;82;312;338?
3;20;20;0|28;81;313;337?
3;20;30;0|29;81;313;337?
3;20;40;0|30;80;312;338?
3;20;50;0|31;79;313;339?
3;21;0;0|32;79;314;340?
3;21;10;0|32;79;315;339?
3;21;20;0|31;78;314;338?
3;21;30;0|31;77;314;339?
3;21;40;0|32;77;313;339?
3;21;50;0|33;77;313;340?
3;22;0;0|32;77;314;340?
3;22;10;0|33;77;314;340?
3;22;20;0|32;77;314;341?
3;22;30;0|33;76;314;341?
3;22;40;0|34;76;314;342?
3;22;50;0|33;76;313;342?
3;23;0;0|32;75;313;341?
3;23;10;0|31;75;312;341?
3;23;20;0|30;75;311;342?
3;23;30;0|31;75;311;342?
3;23;40;0|30;75;312;341?
3;23;50;0|31;74;311;341?
4;0;0;0|30;73;310;340?
4;0;10;0|29;74;311;339?
4;0;20;0|28;74;311;339?
4;0;30;0|28;73;312;340?
4;0;40;0|28;74;312;341?
4;0;50;0|29;73;313;341?
4;1;0;0|29;74;314;340?
4;1;10;0|28;75;313;339?
4;1;20;0|29;75;312;338?
4;1;30;0|29;75;312;337?
4;1;40;0|29;75;312;338?
4;1;50;0|29;75;313;338?
4;2;0;0|29;74;312;338?
4;2;10;0|30;73;312;338?
4;2;20;0|30;73;312;337?
4;2;30;0|29;73;311;338?
4;2;40;0|28;72;311;339?
4;2;50;0|28;72;312;340?
4;3;0;0|28;72;311;339?
4;3;10;0|29;72;312;340?
4;3;20;0|28;71;313;341?
4;3;30;0|28;72;314;342?
4;3;40;0|28;72;314;343?
4;3;50;0|28;71;315;344?
4;4;0;0|27;71;314;345?
4;4;10;0|26;71;313;344?
4;4;20;0|27;70;314;343?
4;4;30;0|27;69;313;344?
4;4;40;0|28;69;313;343?
4;4;50;0|29;70;313;344?
4;5;0;0|28;69;313;344?
4;5;10;0|29;68;312;343?
4;5;20;0|28;68;311;344?
4;5;30;0|28;67;312;343?
4;5;40;0|28;66;311;343?
4;5;50;0|29;67;311;343?
4;6;0;0|30;68;312;343?
4;6;10;0|30;68;312;342?
4;6;20;0|31;69;313;343?
4;6;30;0|31;68;313;344?
4;6;40;0|30;67;314;345?
4;6;50;0|31;68;315;344?
4;7;0;0|31;67;316;344?
4;7;10;0|32;66;315;344?
4;7;20;0|32;65;316;343?
4;7;30;0|32;65;317;342?
4;7;40;0|32;66;317;341?
4;7;50;0|33;66;316;340?
4;8;0;0|34;66;315;341?
4;8;10;0|33;66;314;342?
4;8;20;0|32;65;315;343?
4;8;30;0|31;64;316;342?
4;8;40;0|32;63;317;341?
4;8;50;0|31;62;317;342?
4;9;0;0|30;61;317;342?
4;9;10;0|31;60;316;342?
4;9;20;0|31;60;317;341?
4;9;30;0|30;59;318;341?
4;9;40;0|29;60;317;342?
4;9;50;0|29;59;318;343?
4;10;0;0|30;58;317;343?
4;10;10;0|30;57;317;343?
4;10;20;0|29;57;318;342?
4;10;30;0|29;56;318;342?
4;10;40;0|29;55;319;342?
4;10;50;0|28;56;320;343?
4;11;0;0|27;56;320;344?
4;11;10;0|27;56;321;344?
4;11;20;0|26;56;321;343?
4;11;30;0|25;57;322;342?
4;11;40;0|26;57;323;341?
4;11;50;0|26;56;322;340?
4;12;0;0|25;55;322;340?
4;12;10;0|25;55;322;341?
4;12;20;0|26;54;321;340?
4;12;30;0|26;55;320;339?
4;12;40;0|26;55;319;340?
4;12;50;0|27;56;318;340?
4;13;0;0|27;56;319;339?
4;13;10;0|26;55;318;339?
4;13;20;0|26;56;318;339?
4;13;30;0|27;57;318;339?
4;13;40;0|28;57;318;340?
4;13;50;0|29;57;317;341?
4;14;0;0|28;58;317;341?
4;14;10;0|29;58;317;341?
4;14;20;0|29;57;317;342?
4;14;30;0|29;58;316;341?
4;14;40;0|29;57;315;341?
4;14;50;0|29;57;316;340?
4;15;0;0|30;57;316;341?
4;15;10;0|31;56;317;340?
4;15;20;0|31;57;318;340?
4;15;30;0|30;58;317;341?
4;15;40;0|30;59;316;341?
4;15;50;0|31;60;315;340?
4;16;0;0|32;59;314;339?
4;16;10;0|33;59;313;339?
4;16;20;0|33;60;312;340?
4;16;30;0|34;59;311;341?
4;16;40;0|35;59;310;340?
4;16;50;0|36;60;311;340?
4;17;0;0|36;60;312;340?
4;17;10;0|37;59;311;341?
4;17;20;0|37;58;311;341?
4;17;30;0|37;58;312;340?
4;17;40;0|37;58;312;341?
4;17;50;0|38;59;312;340?
4;18;0;0|37;59;311;341?
4;18;10;0|37;58;312;340?
4;18;20;0|38;57;312;340?
4;18;30;0|38;57;311;340?
4;18;40;0|38;57;310;339?
4;18;50;0|39;58;309;340?
4;19;0;0|38;57;310;340?
4;19;10;0|37;57;309;341?
4;19;20;0|37;56;308;342?
4;19;30;0|36;56;307;341?
4;19;40;0|37;55;307;341?
4;19;50;0|36;54;306;342?
4;20;0;0|36;55;307;341?
4;20;10;0|35;55;306;340?
4;20;20;0|36;56;305;340?
4;20;30;0|37;57;304;341?
4;20;40;0|37;58;305;341?
4;20;50;0|37;59;304;340?
4;21;0;0|36;60;303;339?
4;21;10;0|35;59;304;340?
4;21;20;0|35;60;305;341?
4;21;30;0|35;59;305;340?
4;21;40;0|36;59;304;341?
4;21;50;0|37;60;304;340?
4;22;0;0|36;60;305;339?
4;22;10;0|37;59;304;338?
4;22;20;0|36;59;305;338?
4;22;30;0|37;58;305;338?
4;22;40;0|37;57;306;337?
4;22;50;0|37;57;307;337?
4;23;0;0|36;58;306;337?
4;23;10;0|36;57;306;338?
4;23;20;0|35;58;307;337?
4;23;30;0|35;59;307;338?
4;23;40;0|35;59;308;339?
4;23;50;0|36;58;307;338?
5;0;0;0|36;59;308;339?
5;0;10;0|35;60;309;339?
5;0;20;0|35;60;310;340?
5;0;30;0|36;61;311;339?
5;0;40;0|37;61;310;340?
5;0;50;0|37;60;309;341?
5;1;0;0|36;59;310;341?
5;1;10;0|37;60;311;342?
5;1;20;0|38;60;310;342?
5;1;30;0|39;60;311;342?
5;1;40;0|38;60;312;341?
5;1;50;0|39;60;313;340?
5;2;0;0|39;61;314;340?
5;2;10;0|40;62;314;341?
5;2;20;0|39;61;314;340?
5;2;30;0|40;61;315;339?
5;2;40;0|41;61;314;340?
5;2;50;0|41;62;314;341?
5;3;0;0|41;61;314;341?
5;3;10;0|40;62;315;342?
5;3;20;0|40;62;315;343?
5;3;30;0|40;63;315;343?
5;3;40;0|40;62;316;343?
5;3;50;0|39;61;317;342?
5;4;0;0|38;62;318;342?
5;4;10;0|37;63;317;342?
5;4;20;0|36;62;318;342?
5;4;30;0|35;63;318;343?
5;4;40;0|34;63;319;342?
5;4;50;0|33;63;320;343?
5;5;0;0|34;64;320;343?
5;5;10;0|35;65;320;344?
5;5;20;0|36;64;319;343?
5;5;30;0|37;63;320;344?
5;5;40;0|36;63;319;343?
5;5;50;0|35;62;319;342?
5;6;0;0|36;62;318;341?
5;6;10;0|36;62;318;340?
5;6;20;0|35;61;319;340?
5;6;30;0|36;60;319;340?
5;6;40;0|37;60;320;341?
5;6;50;0|38;59;321;341?
5;7;0;0|38;60;321;340?
5;7;10;0|39;59;321;339?
5;7;20;0|38;59;320;338?
5;7;30;0|39;59;319;339?
5;7;40;0|38;58;319;338?
5;7;50;0|38;59;319;337?
5;8;0;0|37;58;318;337?
5;8;10;0|38;59;318;336?
5;8;20;0|39;58;317;335?
5;8;30;0|39;59;318;335?
5;8;40;0|40;60;319;335?
5;8;50;0|41;59;319;335?
5;9;0;0|40;60;319;335?
5;9;10;0|40;59;320;336?
5;9;20;0|40;60;321;337?
5;9;30;0|41;59;322;338?
5;9;40;0|42;60;323;337?
5;9;50;0|43;60;322;336?
5;10;0;0|43;59;323;337?
5;10;10;0|44;59;322;338?
5;10;20;0|45;58;321;339?
5;10;30;0|46;57;321;340?
5;10;40;0|46;56;320;340?
5;10;50;0|46;55;319;339?
5;11;0;0|45;54;318;339?
5;11;10;0|45;54;319;339?
5;11;20;0|44;54;318;338?
5;11;30;0|44;54;317;338?
5;11;40;0|43;53;317;337?
5;11;50;0|44;52;318;337?
5;12;0;0|43;52;319;338?
5;12;10;0|43;51;320;338?
5;12;20;0|43;51;319;337?
5;12;30;0|43;50;319;336?
5;12;40;0|44;50;319;336?
5;12;50;0|43;49;318;336?
5;13;0;0|43;50;319;336?
5;13;10;0|42;50;318;335?
5;13;20;0|43;49;318;336?
5;13;30;0|42;50;318;336?
5;13;40;0|41;51;317;336?
5;13;50;0|41;51;316;336?
5;14;0;0|42;52;317;337?
5;14;10;0|43;52;318;338?
5;14;20;0|43;52;319;337?
5;14;30;0|42;52;320;337?
5;14;40;0|43;51;319;337?
5;14;50;0|43;52;319;336?
5;15;0;0|42;52;320;335?
5;15;10;0|43;53;319;335?
5;15;20;0|43;52;319;336?
5;15;30;0|43;52;319;335?
5;15;40;0|44;53;318;335?
5;15;50;0|44;54;319;336?
5;16;0;0|43;54;320;335?
5;16;10;0|42;54;321;334?
5;16;20;0|42;55;320;333?
5;16;30;0|43;56;320;333?
5;16;40;0|43;56;321;332?
5;16;50;0|44;57;322;331?
5;17;0;0|45;57;321;332?
5;17;10;0|44;56;320;333?
5;17;20;0|44;57;319;334?
5;17;30;0|43;58;318;335?
5;17;40;0|44;58;319;335?
5;17;50;0|43;59;319;336?
5;18;0;0|44;60;319;335?
5;18;10;0|44;60;318;334?
5;18;20;0|44;60;319;335?
5;18;30;0|45;59;318;334?
5;18;40;0|44;60;317;333?
5;18;50;0|43;61;318;333?
5;19;0;0|43;60;317;333?
5;19;10;0|42;61;316;333?
5;19;20;0|43;60;315;332?
5;19;30;0|42;59;316;331?
5;19;40;0|42;59;317;330?
5;19;50;0|41;58;316;329?
5;20;0;0|40;57;315;329?
5;20;10;0|41;57;316;328?
5;20;20;0|41;56;317;327?
5;20;30;0|41;56;316;327?
5;20;40;0|40;57;317;326?
5;20;50;0|40;57;316;325?
5;21;0;0|41;57;317;326?
5;21;10;0|40;57;316;327?
5;21;20;0|41;58;317;328?
5;21;30;0|41;58;316;329?
5;21;40;0|42;57;316;330?
5;21;50;0|41;58;317;330?
5;22;0;0|42;59;317;330?
5;22;10;0|43;60;317;331?
5;22;20;0|42;61;317;331?
5;22;30;0|41;61;316;332?
5;22;40;0|40;60;315;332?
5;22;50;0|40;59;315;333?
5;23;0;0|39;60;315;333?
5;23;10;0|39;59;314;332?
5;23;20;0|40;60;315;332?
5;23;30;0|40;59;315;333?
5;23;40;0|40;58;314;333?
5;23;50;0|39;58;313;332?
6;0;0;0|39;59;312;333?
6;0;10;0|38;60;312;334?
6;0;20;0|38;59;311;333?
6;0;30;0|39;59;310;333?
6;0;40;0|39;59;311;333?
6;0;50;0|39;60;310;332?
6;1;0;0|38;59;309;331?
6;1;10;0|38;59;310;332?
6;1;20;0|38;58;310;332?
6;1;30;0|37;57;309;331?
6;1;40;0|36;56;308;332?
6;1;50;0|35;55;307;332?
6;2;0;0|35;55;307;333?
6;2;10;0|34;55;308;332?
6;2;20;0|34;54;307;332?
6;2;30;0|35;55;307;332?
6;2;40;0|35;54;308;332?
6;2;50;0|35;54;308;331?
6;3;0;0|35;55;309;332?
6;3;10;0|35;56;310;333?
6;3;20;0|35;57;309;333?
6;3;30;0|35;57;309;333?
6;3;40;0|35;56;309;334?
6;3;50;0|35;57;309;334?
6;4;0;0|36;56;308;333?
6;4;10;0|37;55;309;332?
6;4;20;0|36;54;308;331?
6;4;30;0|35;55;309;331?
6;4;40;0|36;54;310;332?
6;4;50;0|37;54;309;332?
6;5;0;0|38;53;310;332?
6;5;10;0|39;52;309;332?
6;5;20;0|38;52;309;333?
6;5;30;0|39;52;310;332?
6;5;40;0|39;51;311;333?
6;5;50;0|38;51;311;334?
6;6;0;0|39;52;312;334?
6;6;10;0|39;51;312;334?
6;6;20;0|38;51;312;335?
6;6;30;0|39;52;312;334?
6;6;40;0|39;53;313;335?
6;6;50;0|38;53;313;336?
6;7;0;0|39;54;312;336?
6;7;10;0|39;53;312;336?
6;7;20;0|40;54;312;336?
6;7;30;0|40;54;313;336?
6;7;40;0|41;53;313;337?
6;7;50;0|41;54;313;338?
6;8;0;0|41;55;313;338?
6;8;10;0|42;55;314;337?
6;8;20;0|41;56;314;336?
6;8;30;0|42;56;314;337?
6;8;40;0|41;57;313;336?
6;8;50;0|40;56;313;335?
6;9;0;0|39;55;312;334?
6;9;10;0|38;54;313;333?
6;9;20;0|38;55;313;333?
6;9;30;0|38;55;312;334?
6;9;40;0|39;55;311;335?
6;9;50;0|40;54;311;335?
6;10;0;0|41;55;312;335?
6;10;10;0|40;56;313;334?
6;10;20;0|40;56;313;335?
6;10;30;0|40;57;314;335?
6;10;40;0|39;57;314;336?
6;10;50;0|40;58;315;337?
6;11;0;0|41;59;315;337?
6;11;10;0|41;59;314;337?
6;11;20;0|41;60;315;337?
6;11;30;0|41;59;314;336?
6;11;40;0|40;59;315;337?
6;11;50;0|41;59;314;336?
6;12;0;0|42;60;315;335?
6;12;10;0|43;59;316;336?
6;12;20;0|44;59;317;337?
6;12;30;0|45;58;317;338?
6;12;40;0|44;58;317;337?
6;12;50;0|43;59;317;336?
6;13;0;0|42;60;317;337?
6;13;10;0|42;60;318;336?
6;13;20;0|42;61;318;337?
6;13;30;0|42;62;317;338?
6;13;40;0|42;62;317;339?
6;13;50;0|43;61;318;340?
6;14;0;0|42;60;318;339?
6;14;10;0|43;59;318;338?
6;14;20;0|44;58;319;337?
6;14;30;0|43;59;318;336?
6;14;40;0|44;60;318;335?
6;14;50;0|44;59;318;335?
6;15;0;0|44;60;318;335?
6;15;10;0|44;60;318;334?
6;15;20;0|43;60;318;333?
6;15;30;0|43;59;319;332?
6;15;40;0|42;59;318;333?
6;15;50;0|41;58;317;333?
6;16;0;0|42;59;317;333?
6;16;10;0|43;58;318;333?
6;16;20;0|44;59;319;332?
6;16;30;0|45;59;320;332?
6;16;40;0|46;58;319;332?
6;16;50;0|47;59;320;332?
6;17;0;0|47;58;321;333?
6;17;10;0|48;57;321;334?
6;17;20;0|47;56;320;335?
6;17;30;0|46;56;319;336?
6;17;40;0|47;57;319;336?
6;17;50;0|46;56;319;337?
6;18;0;0|47;56;319;338?
6;18;10;0|46;55;319;337?
6;18;20;0|45;55;320;336?
6;18;30;0|46;56;319;337?
6;18;40;0|47;55;319;336?
6;18;50;0|48;54;318;337?
6;19;0;0|49;55;319;336?
6;19;10;0|48;54;318;336?
6;19;20;0|48;54;317;337?
6;19;30;0|48;53;318;338?
6;19;40;0|47;53;317;339?
6;19;50;0|47;54;318;338?
6;20;0;0|46;54;318;339?
6;20;10;0|46;53;317;340?
6;20;20;0|47;53;317;341?
6;20;30;0|46;53;316;340?
6;20;40;0|45;53;317;340?
6;20;50;0|46;54;318;339?
6;21;0;0|46;54;318;339?
6;21;10;0|45;53;318;338?
6;21;20;0|44;52;318;337?
6;21;30;0|45;53;318;338?
6;21;40;0|45;52;317;339?
6;21;50;0|45;51;316;340?
6;22;0;0|44;52;316;339?
6;22;10;0|44;51;315;340?
6;22;20;0|43;51;314;341?
6;22;30;0|43;50;314;341?
