0;0;0;0|23;50;330;330?
0;0;10;0|24;50;328;331?
0;0;20;0|21;52;325;329?
0;0;30;0|20;47;330;324?
0;0;40;0|16;47;331;323?
0;0;50;0|12;51;332;318?
0;1;0;0|11;56;336;314?
0;1;10;0|11;51;337;311?
0;1;20;0|13;54;332;316?
0;1;30;0|14;58;330;317?
0;1;40;0|17;63;327;321?
0;1;50;0|15;66;329;323?
0;2;0;0|16;63;331;324?
0;2;10;0|17;66;335;328?
0;2;20;0|15;65;335;333?
0;2;30;0|17;61;338;337?
0;2;40;0|16;60;338;334?
0;2;50;0|16;56;342;334?
0;3;0;0|21;57;338;332?
0;3;10;0|23;53;336;333?
0;3;20;0|26;48;334;330?
0;3;30;0|28;49;335;325?
0;3;40;0|24;54;333;329?
0;3;50;0|23;53;330;330?
0;4;0;0|21;52;333;334?
0;4;10;0|17;57;338;335?
0;4;20;0|17;62;340;332?
0;4;30;0|13;61;343;327?
0;4;40;0|14;62;343;322?
0;4;50;0|13;64;341;326?
0;5;0;0|11;59;343;331?
0;5;10;0|11;59;344;326?
0;5;20;0|9;56;342;328?
0;5;30;0|9;59;338;323?
0;5;40;0|5;55;338;324?
0;5;50;0|4;58;340;321?
0;6;0;0|0;57;345;318?
0;6;10;0|-3;55;341;320?
0;6;20;0|-1;59;343;324?
0;6;30;0|-2;62;338;325?
0;6;40;0|-3;60;333;320?
0;6;50;0|-3;64;334;323?
0;7;0;0|-5;66;334;324?
0;7;10;0|-3;62;334;320?
0;7;20;0|2;65;337;319?
0;7;30;0|0;66;342;316?
0;7;40;0|-3;62;343;314?
0;7;50;0|1;66;339;317?
0;8;0;0|5;67;344;321?
0;8;10;0|1;68;345;321?
